1136
832
301
1195
1152
2683
1073
1004
1382
2147
1160
2246
1856
2584
1420
1231
2407
2815
1638
2599
2513
2453
2631
1606
2652
2474
285
1201
877
2552
488
1811
2483
893
815
1673
1083
443
482
769
1312
2021
1934
1
243
2441
535
78
1761
2298
605
1327
2259
228
142
803
2674
1498
1749
1311
2300
2128
2663
1348
2107
1848
2461
1754
1207
74
525
1922
1814
2449
2543
1270
2835
714
1053
2339
1166
2247
2493
2634
248
1241
210
2212
2393
2310
1963
2439
1267
1683
149
950
2349
2600
1847
1966
2481
1682
1050
2127
2488
1472
1144
2519
1434
51
1616
2685
1569
2733
1228
1285
2
250
1833
2807
131
2561
2219
2249
888
1913
1757
2146
2353
1057
1824
701
2369
1876
1667
1717
2424
1987
1001
1576
2069
1841
1574
1759
159
2502
1894
2005
1756
1379
2522
407
1640
2204
1133
1733
1646
2463
2197
2700
2844
1129
851
2817
2874
2656
2836
348
2382
60
2878
1260
2022
2801
2833
1943
1914
1937
963
1289
1111
2379
744
1088
2791
2548
1308
2088
2397
1551
702
2402
1921
1265
1821
2728
1044
1338
1582
2869
199
587
1862
2456
267
1020
1614
1135
1932
2282
2160
719
2666
3
2843
2719
2297
466
2460
1421
39
2431
2867
2419
1005
2026
1370
1320
1404
2161
2064
1514
1537
1567
2231
973
2145
437
462
93
2324
1043
1445
1019
993
2169
1798
1804
1257
1587
653
1532
669
1476
2200
2178
952
208
1234
1575
1266
524
89
2143
1631
2199
2309
1825
2853
419
286
909
1788
723
1558
2626
1039
1332
1964
85
748
1343
1174
767
1087
1739
2225
451
450
2272
405
141
209
2242
2327
1398
2031
308
1016
2325
634
1340
62
1716
766
129
2533
1495
1776
130
1623
775
1645
2221
509
59
1691
1890
1956
1432
474
1391
1042
346
253
531
876
2180
1337
251
1426
2530
873
1284
2691
1153
2177
507
1675
1062
489
1132
322
1677
2154
1378
1248
4
500
2707
2876
1545
2668
350
2432
887
1647
54
681
2589
1171
1763
1553
470
1945
2740
73
914
2373
1450
1137
347
951
2156
2469
1116
101
2704
959
2850
2742
551
178
650
2491
2702
900
622
2724
2451
722
1692
1933
2149
828
580
2845
2518
2435
1499
2363
1663
1113
2854
1055
2653
715
399
738
1240
892
63
1291
1046
1851
1269
1784
1949
2372
1296
2864
2803
2383
2891
652
2732
2649
889
1410
2287
294
155
955
72
211
2485
5
1365
2255
2035
1863
1506
1951
279
2007
1927
2228
2527
3366
2291
2888
2480
3012
960
1425
2357
1237
2572
503
236
1965
874
1067
1931
2314
1940
2614
1791
1105
575
896
1546
274
237
2240
2059
1701
2074
1649
1650
1007
299
2257
1089
2580
227
6
863
2163
2741
1070
1274
684
2855
1962
1065
1462
2442
2423
1842
2292
2223
1470
2837
1162
1286
548
1212
2229
487
1706
2078
790
406
2713
1919
2664
727
941
485
116
102
94
97
420
2012
2472
855
2057
2497
1688
1015
618
1310
200
1805
779
2224
601
1168
2361
589
1373
1946
1406
1766
1175
1261
2162
1235
2466
2388
2591
1346
1693
1082
1618
1531
2100
2545
1181
233
2222
1119
2150
761
1689
2655
2849
1552
1466
997
741
147
1973
1094
2585
883
988
2581
768
436
2735
2045
1118
1300
666
47
2215
1986
343
206
2135
324
2414
657
282
239
413
192
1449
122
2027
1885
2895
651
215
1460
937
457
2805
361
1597
1725
495
196
7
1924
1480
2726
8
2326
353
2404
1971
1880
2846
2248
9
82
819
377
10
252
1092
881
145
1995
2769
1047
171
2120
861
1387
2672
2662
1329
1958
2646
1008
1758
1158
820
416
1808
814
947
755
686
1034
1336
1896
931
1468
986
1768
1888
2105
920
1639
480
1492
2573
2277
1401
1790
363
1598
2428
798
268
1322
1422
1355
2879
2319
1208
1485
83
971
1146
2557
1566
469
1955
109
110
1580
1889
1664
833
1684
1149
2679
1429
2186
56
683
1950
1217
737
334
2556
2304
607
1800
185
1799
1091
917
3269
2529
453
1983
2641
1052
2415
1081
1826
1229
2311
818
3231
898
910
1568
2593
1627
1148
2774
1695
2251
1494
2095
1179
2341
2140
2861
510
143
2667
1002
2551
1605
615
2722
854
1886
1823
1006
1711
797
2901
619
2542
541
478
2587
2060
792
655
772
1110
1697
1778
1345
1720
523
1353
1665
2650
2856
2158
161
249
1617
1918
847
2252
1669
2130
916
138
2896
154
12
414
626
473
1205
751
64
217
103
641
578
1104
964
1834
2116
1660
1600
2623
2218
692
1142
2335
2359
1696
2097
403
2828
231
13
1416
1417
2117
40
2555
2230
2113
1902
836
2164
306
1710
1972
1942
1278
1508
2886
2098
648
371
2787
1362
783
1604
2239
1436
789
1840
795
966
1780
1988
2288
1339
2033
1961
1151
2377
1232
625
1732
1197
151
278
221
1816
1765
404
2038
2660
760
845
1601
1882
2553
1000
202
588
1853
1528
2535
2727
2106
14
606
2568
604
700
2827
2689
388
1238
860
1874
3013
2244
430
998
1860
2430
408
515
2716
2378
1908
1250
2193
2129
1641
2465
1030
2621
1981
1108
1033
1603
1543
2153
2090
1101
695
620
912
1455
140
92
974
540
2368
1202
1904
2209
2396
780
1131
1258
2048
1594
1058
2624
255
2206
2862
307
2590
16
2883
1751
1875
1936
659
729
984
1849
2364
894
946
165
1857
1304
1177
1723
1388
216
3280
2053
2477
1959
1694
1080
1254
2618
328
665
1244
2124
676
639
1358
968
2830
1658
2597
79
344
2594
396
2070
204
1102
2207
1636
663
2433
1547
1481
1846
2824
2588
205
2181
501
1787
1411
2838
1163
1352
2003
673
1117
1753
644
1076
91
494
157
1247
213
1817
1608
241
439
2198
1668
628
2654
364
785
1828
675
716
2550
1380
121
1820
360
84
1984
835
1513
390
2577
2405
35
2322
1510
759
765
934
2028
2524
190
752
2394
1313
340
11
799
1866
1501
573
1164
2052
1838
614
18
1651
1621
1095
1877
365
1505
1233
1644
2062
929
2395
1014
1586
1835
1256
1743
554
418
1167
1448
2374
2670
2237
2387
923
105
65
1612
125
2103
2696
170
1624
2682
1843
2261
1369
55
2627
1357
2370
424
2354
1957
1679
2866
1724
2494
46
1381
2822
1974
1400
1209
2121
2155
850
1976
943
957
816
1161
1204
1698
983
2457
2384
1750
2638
229
2412
2409
2071
99
468
2316
602
2601
2072
2323
939
2806
2293
2821
2264
37
1781
1806
756
553
1216
516
2429
1049
445
2216
2447
1912
2138
2633
2173
1282
1431
982
804
1779
2273
945
2299
866
1066
1290
926
128
391
661
1517
2305
1010
1474
1471
374
1127
879
2709
566
2538
1578
635
1571
427
172
2595
1718
1794
872
329
1585
498
245
2041
1176
2851
2202
2006
1488
1544
2302
1620
1321
821
333
1185
556
1503
1412
2625
1642
1389
341
316
144
826
2730
2690
2575
1561
640
2777
2813
2109
464
1446
2126
1771
220
992
434
2512
2829
1199
2371
623
1443
261
1715
2482
750
49
2680
1178
2705
2114
1441
1451
1085
1730
80
463
193
2473
2632
1467
2706
2420
1744
1214
2578
2537
856
86
918
1334
1200
2034
965
660
1564
802
1770
1613
2582
1801
2877
2871
2506
1428
2797
1249
2233
1672
2366
557
490
2616
2501
2122
647
234
1442
1637
1288
2775
2042
2692
2882
734
594
426
2637
1222
2816
1064
2776
1793
585
1705
1287
1126
2698
2723
2720
2808
842
1703
310
345
1670
1354
1709
1383
2612
1832
1815
1459
1708
791
1038
1738
66
179
2094
2484
2184
1559
2528
2019
1371
2644
807
1830
1997
2645
19
319
770
2226
1194
922
565
2175
2152
1662
1012
2629
2118
2574
1032
735
1535
811
1324
2111
2009
1299
2470
1895
1074
381
2385
2823
3136
1011
320
2011
201
736
2863
2687
177
58
187
1953
1384
2285
2455
2280
2195
2569
1424
2772
2504
2390
2265
1712
349
2647
2066
1224
529
927
1960
1702
1609
2133
1218
1661
938
2281
394
2547
1596
1625
327
1145
1045
1772
1292
1654
1554
871
2885
928
629
1926
1403
1872
2508
846
2276
2210
2417
2464
1755
2540
1077
2771
1335
1541
940
2471
1721
558
1433
359
2814
1061
2093
712
2030
1969
1283
1140
537
315
393
1210
2227
1363
1359
2778
1413
1611
1295
1907
2809
2697
1478
1189
2091
2334
1078
533
2437
698
182
1041
53
1255
20
1831
1737
1157
688
2617
1518
1767
2661
2330
2834
1941
2812
2296
2607
2115
1496
664
2183
708
2825
1018
1122
1893
1602
1405
1991
1262
1482
1211
1628
670
2688
2039
1533
1773
2283
885
519
3367
1742
891
1855
2510
2381
313
1526
1096
263
1548
1905
1203
2141
1393
1994
796
1700
1630
1822
2301
2794
1264
1059
2338
42
2067
2549
312
1760
2258
351
2541
2445
1939
2479
549
2331
2289
1491
2365
691
1183
2306
1607
1515
915
1977
518
2096
672
2426
2168
191
2671
1588
1534
1812
1173
1917
1898
1629
935
1915
2102
970
2068
1741
1473
2703
2054
2798
2872
2351
2418
977
1418
2358
2110
1453
1592
2603
1990
2406
2295
21
2459
2328
1523
1777
2743
2500
2693
1674
2348
2134
1785
1519
2329
1452
526
2489
1929
260
2532
1245
1427
2796
1072
214
1837
613
2159
878
721
1836
2583
22
884
824
1440
1979
2712
1317
555
1865
1115
1341
1671
2172
366
1239
830
1134
477
2427
1192
1861
1328
2454
455
1509
2686
472
1221
633
1657
962
901
995
1864
1783
1633
1845
2559
2718
2562
2499
2217
1301
1114
2171
1323
2092
219
2721
1071
2157
1610
194
276
1155
2108
2884
1191
2586
2194
2677
919
476
911
1347
570
2137
2077
1430
2362
545
1054
2032
980
447
117
823
2639
1279
2736
621
1316
521
2235
1252
853
1184
271
499
1454
506
544
2167
2521
2554
1349
90
1512
1364
1048
232
287
296
325
2344
386
2560
152
127
1226
944
958
852
2043
230
41
288
423
44
2243
2055
412
726
1916
2392
520
1069
2847
2889
2046
1726
2793
603
1187
1626
1489
2238
2819
358
1522
1396
2376
81
1079
2852
174
2516
1947
2275
2544
2792
599
2375
637
2563
2881
2873
838
1829
1172
2142
330
2411
1314
1538
1246
2241
218
1593
372
207
1752
1622
2475
645
2425
1852
2313
326
1075
2367
1106
156
987
806
481
43
2037
1198
584
270
1361
662
259
1374
2389
1795
2651
1242
176
379
429
1141
1769
1897
608
1165
1103
183
331
428
1372
258
3114
2234
1259
2467
1910
435
1303
776
1734
2708
421
563
1774
2839
1375
335
292
67
1878
763
1281
23
978
339
932
1487
433
1399
1746
886
1802
1342
440
2711
34
1747
1280
1938
771
272
582
2608
1456
197
2104
2025
2598
1789
2875
24
849
2744
685
2536
2892
562
1415
504
581
1386
1464
1302
991
2487
2811
667
1037
1572
2604
682
948
2870
2440
1764
777
1219
1484
2144
2576
2789
1180
2294
1107
2132
1520
1305
1731
2279
1993
730
188
298
743
547
2859
560
2015
38
586
2391
1573
2648
1188
2567
1475
630
318
1458
1402
2380
411
2044
1444
511
2448
1435
2795
1130
2182
2490
2308
25
181
2804
746
113
98
784
2840
1952
409
471
1223
862
1243
70
572
1699
1648
1253
1407
1439
297
71
2076
1728
2000
26
148
1490
108
383
954
431
1093
696
2201
1524
1390
2669
264
57
571
195
280
2014
1719
805
1156
1577
1182
321
2139
36
1555
2478
2779
732
2165
677
2399
68
679
1796
1632
212
2858
1276
2336
2318
1858
2214
355
1762
1479
2398
1859
2684
2620
1306
1121
1268
1901
1098
265
186
2253
2185
728
198
1685
1143
1818
2831
706
1595
1196
658
1437
880
1887
1713
2065
1930
2136
27
2284
224
844
1584
1036
1928
2436
1810
2785
2023
2636
1903
713
1581
2539
2523
2337
1807
2579
2675
2073
1883
1090
2303
2592
801
2659
654
1125
2515
395
2340
2628
1900
1263
2342
2496
2498
2213
2739
1704
1599
2894
2001
2898
2701
2260
2170
2492
1563
527
2278
1989
1120
1293
1100
1978
1477
2673
2566
75
1225
48
492
2596
1542
2332
1560
705
432
1331
1392
1139
2410
532
2725
1463
2505
1999
2570
967
1109
1315
2403
1729
2526
757
2770
2119
118
1745
869
2317
28
538
953
936
1465
2880
2174
1666
717
2780
512
2050
2029
1687
1736
2520
868
2643
2800
689
1344
1169
1330
924
1351
1309
77
800
1909
1457
710
1409
189
441
1906
1040
930
1809
2047
1366
1009
1570
994
2208
1154
2486
1367
2438
2075
2546
809
1556
2734
2343
2738
1935
235
2611
2710
2714
2036
1360
1186
848
1998
2810
865
45
2665
2786
745
2462
1215
1707
1782
2717
2790
2658
1326
1819
592
870
2236
323
1294
787
975
2694
1112
1992
1873
1159
356
50
649
1003
680
976
1298
2017
2737
2013
1891
1350
2004
242
139
899
167
2476
1530
2517
843
1850
720
225
1170
1813
2286
627
1634
718
2630
362
61
961
29
30
1948
354
164
163
1652
422
2254
119
123
402
598
1690
2010
483
1827
2781
1643
2514
2681
1678
175
949
1068
2256
704
1230
269
1377
2099
2112
1124
2842
2820
76
925
1562
1879
2622
1138
2558
1803
1213
674
290
467
1394
2788
2468
2333
2232
2245
1419
1447
2056
921
1368
1797
2416
2848
643
1423
2610
2166
1438
747
1727
1397
2784
1920
1619
2345
773
1150
1469
1193
1385
1325
590
410
1786
222
2250
786
223
1408
2220
831
2887
162
254
31
33
115
1060
1147
2148
1714
1579
2434
2101
1307
1272
1051
2678
709
126
2061
484
788
840
392
646
517
2799
1190
2401
972
1591
2619
2458
1735
2565
1549
2635
2826
1881
1944
246
2605
1507
1251
2729
996
2841
112
2531
114
534
762
1792
2356
837
694
2179
591
2865
1892
2274
1031
96
2315
2203
300
385
1521
2443
2263
2602
2507
2818
2782
2525
2802
1565
2002
1839
2452
1722
1318
1655
1356
502
3257
2089
2020
2495
400
1500
1056
2571
2642
2151
1583
2615
1376
2346
32
1557
857
184
1516
2211
2131
375
631
724
169
158
1084
69
273
1086
2400
2534
2609
2857
1527
1985
2320
2783
2008
1227
1982
2352
2018
146
610
1996
642
153
859
104
1461
1017
475
1656
1483
442
1854
1236
2413
561
1925
1220
2262
1297
247
2016
203
1653
2695
2307
266
552
1911
2321
1271
1659
1013
2024
2511
2049
87
981
168
2176
2606
1954
1206
2063
2731
733
